1759219773075 0.4592348635196686 0
1759219775306 0.3358679413795471 1
1759219776904 0.30854180455207825 2
1759219778179 0.2970135807991028 3
1759219779439 0.28959283232688904 4
1759219781140 0.2859512269496918 5
1759219782670 0.28125500679016113 6
1759219784024 0.27666014432907104 7
1759219785393 0.27388298511505127 8
1759219787165 0.26987171173095703 9
1759219789345 0.2685311734676361 10
1759219791992 0.2658287286758423 11
1759219794665 0.26345494389533997 12
1759219773075 0.4592348635196686 0
