1759220260070 0.43090054392814636 0
1759220261681 0.32397833466529846 1
1759220263422 0.30791470408439636 2
1759220264620 0.2980041801929474 3
1759220265769 0.2905643880367279 4
1759220266915 0.2858859598636627 5
1759220268055 0.2804661691188812 6
1759220269449 0.27601686120033264 7
1759220270620 0.27303534746170044 8
1759220272021 0.2691967487335205 9
1759220273199 0.26633796095848083 10
1759220274563 0.2647797763347626 11
1759220275725 0.2601635158061981 12
1759220277087 0.2593718469142914 13
1759220278229 0.25617438554763794 14
1759220279364 0.253429651260376 15
1759220280997 0.2520483136177063 16
1759220282143 0.25011929869651794 17
1759220283504 0.24964922666549683 18
1759220260070 0.43090054392814636 0
