1759219773075 0.7703572511672974 0 d62c2a6398554e439194187a3e3e277a
1759219775306 0.8358109593391418 1 d62c2a6398554e439194187a3e3e277a
1759219776904 0.8586642742156982 2 d62c2a6398554e439194187a3e3e277a
1759219778179 0.8628799915313721 3 d62c2a6398554e439194187a3e3e277a
1759219779439 0.8670956492424011 4 d62c2a6398554e439194187a3e3e277a
1759219781140 0.8690925240516663 5 d62c2a6398554e439194187a3e3e277a
1759219782670 0.8675394058227539 6 d62c2a6398554e439194187a3e3e277a
1759219784024 0.8735300898551941 7 d62c2a6398554e439194187a3e3e277a
1759219785393 0.8730863332748413 8 d62c2a6398554e439194187a3e3e277a
1759219787165 0.8784113526344299 9 d62c2a6398554e439194187a3e3e277a
1759219789345 0.8792988657951355 10 d62c2a6398554e439194187a3e3e277a
1759219791992 0.8797426223754883 11 d62c2a6398554e439194187a3e3e277a
1759219794665 0.8808519840240479 12 d62c2a6398554e439194187a3e3e277a
1759219773075 0.7703572511672974 0 d62c2a6398554e439194187a3e3e277a
