1759220260070 0.7954293489456177 0 86f6f76162d945be8702a0a6d0904322
1759220261681 0.8444641828536987 1 86f6f76162d945be8702a0a6d0904322
1759220263422 0.8555580377578735 2 86f6f76162d945be8702a0a6d0904322
1759220264620 0.8622143268585205 3 86f6f76162d945be8702a0a6d0904322
1759220265769 0.8706456422805786 4 86f6f76162d945be8702a0a6d0904322
1759220266915 0.8637674450874329 5 86f6f76162d945be8702a0a6d0904322
1759220268055 0.8724206686019897 6 86f6f76162d945be8702a0a6d0904322
1759220269449 0.8755269646644592 7 86f6f76162d945be8702a0a6d0904322
1759220270620 0.8777457475662231 8 86f6f76162d945be8702a0a6d0904322
1759220272021 0.8770800828933716 9 86f6f76162d945be8702a0a6d0904322
1759220273199 0.8755269646644592 10 86f6f76162d945be8702a0a6d0904322
1759220274563 0.8799644708633423 11 86f6f76162d945be8702a0a6d0904322
1759220275725 0.8808519840240479 12 86f6f76162d945be8702a0a6d0904322
1759220277087 0.8808519840240479 13 86f6f76162d945be8702a0a6d0904322
1759220278229 0.886842668056488 14 86f6f76162d945be8702a0a6d0904322
1759220279364 0.8828489184379578 15 86f6f76162d945be8702a0a6d0904322
1759220280997 0.8883958458900452 16 86f6f76162d945be8702a0a6d0904322
1759220282143 0.8855113983154297 17 86f6f76162d945be8702a0a6d0904322
1759220283504 0.8857333064079285 18 86f6f76162d945be8702a0a6d0904322
1759220260070 0.7954293489456177 0 86f6f76162d945be8702a0a6d0904322
