1759220260070 0.43090054392814636 0 86f6f76162d945be8702a0a6d0904322
1759220261681 0.32397833466529846 1 86f6f76162d945be8702a0a6d0904322
1759220263422 0.30791470408439636 2 86f6f76162d945be8702a0a6d0904322
1759220264620 0.2980041801929474 3 86f6f76162d945be8702a0a6d0904322
1759220265769 0.2905643880367279 4 86f6f76162d945be8702a0a6d0904322
1759220266915 0.2858859598636627 5 86f6f76162d945be8702a0a6d0904322
1759220268055 0.2804661691188812 6 86f6f76162d945be8702a0a6d0904322
1759220269449 0.27601686120033264 7 86f6f76162d945be8702a0a6d0904322
1759220270620 0.27303534746170044 8 86f6f76162d945be8702a0a6d0904322
1759220272021 0.2691967487335205 9 86f6f76162d945be8702a0a6d0904322
1759220273199 0.26633796095848083 10 86f6f76162d945be8702a0a6d0904322
1759220274563 0.2647797763347626 11 86f6f76162d945be8702a0a6d0904322
1759220275725 0.2601635158061981 12 86f6f76162d945be8702a0a6d0904322
1759220277087 0.2593718469142914 13 86f6f76162d945be8702a0a6d0904322
1759220278229 0.25617438554763794 14 86f6f76162d945be8702a0a6d0904322
1759220279364 0.253429651260376 15 86f6f76162d945be8702a0a6d0904322
1759220280997 0.2520483136177063 16 86f6f76162d945be8702a0a6d0904322
1759220282143 0.25011929869651794 17 86f6f76162d945be8702a0a6d0904322
1759220283504 0.24964922666549683 18 86f6f76162d945be8702a0a6d0904322
1759220260070 0.43090054392814636 0 86f6f76162d945be8702a0a6d0904322
